58240
-7040
-10557.9
-10301.9
-5342.14
-5086.14
-3603.22
-3347.22
-2733.5
-2477.5
-2211.46
-1955.46
-1863.25
-1607.25
-1614.39
-1358.39
-1427.61
-1171.61
-1282.21
-1026.21
-1165.8
-909.797
-1070.45
-814.45
-990.906
-734.906
-923.518
-667.518
-865.682
-609.682
-815.487
-559.487
-771.499
-515.499
-732.625
-476.625
-698.01
-442.01
-666.983
-410.983
-639.005
-383.005
-613.64
-357.64
-590.533
-334.533
-569.387
-313.387
-549.959
-293.959
-532.042
-276.042
-515.462
-259.462
-500.069
-244.069
-485.736
-229.736
-472.354
-216.354
-459.828
-203.828
-448.073
-192.073
-437.019
-181.019
-426.601
-170.601
-416.763
-160.763
-407.455
-151.455
-398.633
-142.633
-390.257
-134.257
-382.292
-126.292
-374.706
-118.706
-367.471
-111.471
-360.561
-104.561
-353.952
-97.9516
-347.623
-91.6228
-341.555
-85.5551
-335.731
-79.7309
-330.134
-74.1341
-324.75
-68.7501
-319.566
-63.5655
-314.568
-58.568
-309.746
-53.746
-305.089
-49.0893
-300.588
-44.588
-296.233
-40.2333
-292.017
-36.0168
-287.931
-31.9309
-283.968
-27.9685
-280.123
-24.1227
-276.388
-20.3876
-272.757
-16.7572
-269.226
-13.2262
-265.79
-9.78961
-262.443
-6.4426
-259.181
-3.18079
-256
2.5928e-08
-252.896
3.10366
-249.866
6.13387
-246.906
9.09408
-244.012
11.9876
-241.183
14.8174
-238.414
17.5864
-235.703
20.2975
-233.047
22.9531
-230.444
25.5558
-227.892
28.1078
-225.389
30.6114
-222.931
33.0687
-220.518
35.4817
-218.148
37.8522
-215.818
40.1821
-213.527
42.4731
-211.273
44.7269
-209.055
46.9449
-206.871
49.1287
-204.72
51.2798
-202.601
53.3994
-200.511
55.4889
-198.45
57.5496
-196.417
59.5826
-194.411
61.5891
-192.43
63.5702
-190.473
65.527
-188.539
67.4605
-186.628
69.3717
-184.738
71.2615
-182.869
73.1309
-181.019
74.9807
-179.188
76.8118
-177.375
78.625
-175.579
80.4211
-173.799
82.2009
-172.035
83.9651
-170.285
85.7145
-168.55
87.4498
-166.828
89.1716
-165.119
90.8807
-163.422
92.5776
-161.737
94.2631
-160.062
95.9377
-158.398
97.602
-156.743
99.2566
-155.098
100.902
-153.461
102.539
-151.832
104.168
-150.21
105.79
-148.595
107.405
-146.987
109.013
-145.384
110.616
-143.787
112.213
-142.195
113.805
-140.607
115.393
-139.023
116.977
-137.442
118.558
-135.864
120.136
-134.288
121.712
-132.715
123.285
-131.142
124.858
-129.571
126.429
-128
128
-126.429
129.571
-124.858
131.142
-123.285
132.715
-121.712
134.288
-120.136
135.864
-118.558
137.442
-116.977
139.023
-115.393
140.607
-113.805
142.195
-112.213
143.787
-110.616
145.384
-109.013
146.987
-107.405
148.595
-105.79
150.21
-104.168
151.832
-102.539
153.461
-100.902
155.098
-99.2566
156.743
-97.602
158.398
-95.9377
160.062
-94.2631
161.737
-92.5776
163.422
-90.8807
165.119
-89.1716
166.828
-87.4498
168.55
-85.7145
170.285
-83.9651
172.035
-82.2009
173.799
-80.4211
175.579
-78.625
177.375
-76.8118
179.188
-74.9807
181.019
-73.1309
182.869
-71.2615
184.738
-69.3717
186.628
-67.4605
188.539
-65.527
190.473
-63.5702
192.43
-61.5891
194.411
-59.5826
196.417
-57.5496
198.45
-55.4889
200.511
-53.3994
202.601
-51.2798
204.72
-49.1287
206.871
-46.9449
209.055
-44.7269
211.273
-42.4731
213.527
-40.1821
215.818
-37.8522
218.148
-35.4817
220.518
-33.0687
222.931
-30.6114
225.389
-28.1078
227.892
-25.5558
230.444
-22.9531
233.047
-20.2975
235.703
-17.5864
238.414
-14.8174
241.183
-11.9876
244.012
-9.09408
246.906
-6.13387
249.866
-3.10366
252.896
7.7778e-08
256
3.18079
259.181
6.4426
262.443
9.78961
265.79
13.2262
269.226
16.7572
272.757
20.3876
276.388
24.1227
280.123
27.9685
283.968
31.9309
287.931
36.0168
292.017
40.2333
296.233
44.588
300.588
49.0893
305.089
53.746
309.746
58.568
314.568
63.5655
319.566
68.7501
324.75
74.1341
330.134
79.7309
335.731
85.5551
341.555
91.6228
347.623
97.9516
353.952
104.561
360.561
111.471
367.471
118.706
374.706
126.292
382.292
134.257
390.257
142.633
398.633
151.455
407.455
160.763
416.763
170.601
426.601
181.019
437.019
192.073
448.073
203.828
459.828
216.354
472.354
229.736
485.736
244.069
500.069
259.462
515.462
276.042
532.042
293.959
549.959
313.387
569.387
334.533
590.533
357.64
613.64
383.005
639.005
410.983
666.983
442.01
698.01
476.625
732.625
515.499
771.499
559.487
815.487
609.682
865.682
667.518
923.518
734.906
990.906
814.45
1070.45
909.797
1165.8
1026.21
1282.21
1171.61
1427.61
1358.39
1614.39
1607.25
1863.25
1955.46
2211.46
2477.5
2733.5
3347.22
3603.22
5086.14
5342.14
10301.9
10557.9
